start=1483.357000
volume=75.000000
